4 0.959957 0.74047 0.0800777 0.119699
4 0.240451 0.738914 0.0790164 0.109097
4 0.469899 0.924748 0.0964112 0.115428
4 0.655933 0.855263 0.0840046 0.133661
4 0.694219 0.377168 0.0672382 0.0867598
4 0.803154 0.857575 0.0822403 0.133484
4 0.83597 0.498432 0.0762253 0.0952879
4 0.0236971 0.65307 0.0473388 0.101174
4 0.595168 0.341969 0.0567087 0.0731241
4 0.720203 0.46654 0.0655998 0.0862156
4 0.115234 0.69705 0.0784664 0.112854
4 0.880013 0.631456 0.0686464 0.104112
4 0.482674 0.592946 0.0931585 0.106563
4 0.731865 0.725647 0.0806135 0.117122
4 0.177778 0.490089 0.0553906 0.0756579
4 0.543849 0.735928 0.079739 0.115136
4 0.980507 0.455882 0.0385799 0.10324
4 0.271886 0.579725 0.0954307 0.122714
4 0.612185 0.649763 0.0868753 0.144159
4 0.340986 0.375972 0.0468357 0.0675576
4 0.933933 0.946238 0.0882858 0.0946271
4 0.80183 0.437412 0.0550192 0.0768652
4 0.736434 0.625943 0.0880825 0.112045
4 0.334372 0.498223 0.0771937 0.0889267
4 0.0213097 0.495665 0.0426194 0.0795863
4 0.731218 0.305819 0.0402227 0.0652418
4 0.0871046 0.348971 0.058857 0.0687487
4 0.333394 0.78768 0.0944874 0.119227
4 0.487631 0.693786 0.0543541 0.0948134
4 0.526724 0.389808 0.0858508 0.0934909
4 0.434038 0.48522 0.058646 0.0787844
4 0.387658 0.428161 0.0558964 0.0842929
4 0.369208 0.680447 0.0816354 0.0994913
4 0.0654032 0.888509 0.0682876 0.111934
4 0.899765 0.3241 0.0493946 0.0557538
4 0.253603 0.930972 0.1117 0.129064
4 0.666506 0.556393 0.0791886 0.0945665
4 0.0870232 0.527198 0.0689598 0.112487
4 0.13857 0.655525 0.0920924 0.0915787
4 0.644196 0.361598 0.0472272 0.0766182
4 0.269228 0.483067 0.0704899 0.0733713
4 0.407166 0.574424 0.0633327 0.0985394
4 0.144524 0.861526 0.088386 0.124925
4 0.785104 0.571499 0.0753654 0.104125
4 0.612164 0.474925 0.101904 0.0936119
4 0.901846 0.380089 0.050429 0.0545695
4 0.205465 0.307008 0.0558725 0.0678054
4 0.0295025 0.437477 0.055076 0.067144
4 0.0306382 0.426752 0.0612764 0.0811412
4 0.243651 0.296968 0.0370953 0.0565077
4 0.75808 0.407354 0.0481264 0.0691781
