4 0.814569 0.66853 0.0541694 0.0796812
4 0.468135 0.785641 0.0568577 0.0788256
4 0.35647 0.914876 0.0724305 0.0841227
4 0.455512 0.88602 0.0681357 0.0809939
4 0.31396 0.798715 0.0570302 0.0797457
4 0.509359 0.721643 0.0523926 0.065231
4 0.7263 0.94641 0.0639482 0.0889414
4 0.595748 0.68229 0.0485823 0.0742008
4 0.380375 0.740485 0.0456736 0.0681603
4 0.613122 0.801248 0.0575481 0.0779417
4 0.653673 0.875847 0.0547009 0.0746622
4 0.542548 0.657271 0.0513328 0.0656381
4 0.221277 0.565532 0.0453152 0.0558289
4 0.680757 0.626225 0.0462923 0.0616878
4 0.189865 0.774963 0.0560383 0.0759462
4 0.129813 0.724488 0.0479161 0.0653113
4 0.470654 0.610073 0.0471636 0.0577616
4 0.231943 0.92257 0.0891977 0.108447
4 0.245523 0.776119 0.0503405 0.0725881
4 0.257515 0.678644 0.0451613 0.0660722
4 0.148699 0.964568 0.0841511 0.0708634
4 0.343472 0.684797 0.0452448 0.0703765
4 0.145606 0.565551 0.0491992 0.0584775
4 0.961986 0.86722 0.0586679 0.0802572
4 0.15529 0.641166 0.070275 0.0646238
4 0.357655 0.567303 0.0494293 0.0593206
4 0.556154 0.833672 0.0512198 0.084096
4 0.0945502 0.641538 0.0466974 0.0612436
4 0.841372 0.915112 0.0626103 0.0935949
4 0.946535 0.645687 0.0794094 0.0581988
4 0.740726 0.629701 0.057797 0.0736276
4 0.232792 0.472649 0.0364459 0.0526007
4 0.606004 0.939046 0.0523331 0.0817533
4 0.118721 0.425811 0.0470945 0.0573489
4 0.455319 0.522379 0.039897 0.0599035
4 0.645886 0.535229 0.0563863 0.0570909
4 0.882953 0.545984 0.0390532 0.05848
4 0.0714562 0.51609 0.0401174 0.0521978
4 0.852564 0.785835 0.0524746 0.0654521
4 0.108547 0.817492 0.0614591 0.0821945
4 0.915975 0.768794 0.0661888 0.0983944
4 0.0230228 0.761234 0.0460456 0.0728602
4 0.501139 0.549659 0.0532545 0.0580902
4 0.796363 0.809505 0.0466912 0.0741817
