3 0.505918 0.560747 0.175245 0.285076
3 0.403091 0.464787 0.115398 0.189815
3 0.811763 0.195986 0.109275 0.164475
3 0.54623 0.349225 0.105052 0.157264
3 0.884401 0.268754 0.0862522 0.162413
3 0.698405 0.487802 0.120439 0.16426
3 0.547976 0.192694 0.0727317 0.126252
3 0.209509 0.410529 0.108717 0.132051
3 0.0235917 0.206591 0.0471811 0.0798743
3 0.180187 0.243594 0.0956324 0.159649
3 0.273533 0.217446 0.0661838 0.105954
3 0.932523 0.16756 0.0558059 0.0912524
3 0.347149 0.297886 0.112404 0.219785
3 0.25914 0.318837 0.0548623 0.0925925
