4 0.781649 0.234689 0.10759 0.0789905
4 0.06993 0.392204 0.13986 0.139107
4 0.803881 0.778353 0.143394 0.155368
4 0.215425 0.336081 0.187849 0.158404
4 0.781941 0.338763 0.120211 0.106386
4 0.956386 0.288752 0.0872277 0.0906502
4 0.631753 0.149586 0.135061 0.109523
4 0.357872 0.454491 0.121452 0.117926
4 0.394115 0.250603 0.143341 0.11266
4 0.702619 0.717591 0.259864 0.206612
4 0.531386 0.520726 0.142953 0.0984646
4 0.056557 0.569651 0.113114 0.10121
4 0.443702 0.649883 0.241513 0.175896
4 0.281076 0.564461 0.115525 0.115323
4 0.139416 0.172792 0.143189 0.107587
4 0.805431 0.574786 0.1378 0.0875235
4 0.253557 0.214879 0.130561 0.0921872
4 0.0676231 0.141686 0.135246 0.155801
4 0.936932 0.0286688 0.126136 0.0566539
4 0.958525 0.584168 0.0820857 0.108313
4 0.317542 0.0992017 0.148219 0.154248
4 0.577135 0.0740378 0.0858297 0.0675032
4 0.405886 0.649205 0.16202 0.176159
4 0.942329 0.89592 0.11438 0.140338
