4 0.875488 0.789267 0.19913 0.272281
4 0.593854 0.406415 0.129303 0.275829
4 0.658056 0.0808483 0.100959 0.161697
4 0.368008 0.532895 0.167218 0.312224
4 0.222136 0.754137 0.125022 0.263417
4 0.225341 0.0856872 0.108403 0.171374
4 0.701889 0.718832 0.0844147 0.210005
4 0.0494204 0.0912267 0.0498961 0.103936
4 0.540077 0.07072 0.059243 0.0914077
4 0.383244 0.243356 0.0729511 0.153224
4 0.411023 0.0490042 0.0718119 0.0946737
4 0.956525 0.0451959 0.073563 0.0903919
4 0.867543 0.323833 0.129019 0.224276
4 0.475732 0.347096 0.086289 0.214234
4 0.609774 0.814752 0.176398 0.333766
4 0.269947 0.487389 0.126531 0.25064
4 0.68691 0.327552 0.114639 0.185744
4 0.860119 0.107803 0.119928 0.167953
4 0.116699 0.515486 0.0792856 0.160774
4 0.116823 0.150887 0.075951 0.132691
4 0.455952 0.171416 0.0833016 0.142222
4 0.957909 0.178081 0.0841829 0.149003
4 0.759415 0.126228 0.080424 0.170765
4 0.758952 0.162778 0.0816311 0.245008
4 0.966945 0.396057 0.0653973 0.27151
4 0.0966641 0.0526765 0.0710644 0.08264
4 0.0412691 0.471077 0.0673313 0.117972
4 0.0191541 0.603247 0.0383083 0.101214
