4 0.34754 0.644077 0.112217 0.158239
4 0.490953 0.601323 0.101416 0.136289
4 0.623362 0.65678 0.109419 0.149916
4 0.173191 0.666299 0.116416 0.154315
4 0.796033 0.610421 0.106498 0.128646
4 0.0531478 0.73448 0.106296 0.152916
4 0.240718 0.554466 0.0817328 0.138306
4 0.219917 0.265376 0.092159 0.119727
4 0.0144061 0.326959 0.028512 0.0960165
4 0.350481 0.263217 0.0775679 0.114311
4 0.194398 0.13511 0.0767143 0.0758254
4 0.616946 0.461355 0.088965 0.109493
4 0.50211 0.428632 0.0763014 0.114345
4 0.96889 0.659463 0.062221 0.129973
4 0.124244 0.290297 0.0962561 0.116969
4 0.615239 0.24813 0.0886457 0.105781
4 0.720407 0.237332 0.112952 0.110059
4 0.074384 0.44739 0.0807734 0.117466
4 0.0161998 0.481429 0.0323996 0.129044
4 0.770862 0.470315 0.107551 0.108942
4 0.928606 0.23574 0.069381 0.0989038
4 0.960781 0.521231 0.0782656 0.130452
4 0.425347 0.308758 0.0651018 0.0740137
