4 0.1347 0.407058 0.0941496 0.133331
4 0.545581 0.463037 0.0987369 0.183649
4 0.821643 0.349574 0.112451 0.162982
4 0.335783 0.630743 0.118844 0.170308
4 0.713362 0.858282 0.0939901 0.166466
4 0.73447 0.114197 0.0632147 0.0898428
4 0.452055 0.430778 0.100092 0.195131
4 0.456742 0.779894 0.0807327 0.134136
4 0.94678 0.462101 0.104644 0.205422
4 0.0612562 0.632401 0.0868446 0.135033
4 0.472418 0.611658 0.0627498 0.101483
4 0.288012 0.364064 0.0895528 0.154114
4 0.334187 0.802934 0.107363 0.130438
4 0.854122 0.606597 0.101029 0.170249
4 0.869779 0.815193 0.156816 0.218357
4 0.528965 0.683719 0.0893498 0.143705
4 0.0936152 0.906205 0.100908 0.15018
4 0.386754 0.270241 0.0682325 0.108329
4 0.182855 0.682801 0.0841227 0.138763
4 0.229904 0.484128 0.0863236 0.141227
4 0.979575 0.840096 0.0408496 0.170345
4 0.70248 0.618914 0.110913 0.184015
4 0.946449 0.0583865 0.0977789 0.104065
4 0.58743 0.749302 0.0964163 0.134842
4 0.256598 0.23853 0.0670198 0.102907
4 0.182356 0.928705 0.0790369 0.121895
4 0.654257 0.504226 0.125061 0.182701
4 0.768282 0.689277 0.0793165 0.125041
