0 0.335865 0.847284 0.145474 0.187547
0 0.632387 0.520911 0.165189 0.155408
0 0.8762 0.921831 0.15211 0.156337
0 0.185904 0.729139 0.141136 0.168209
0 0.103368 0.589203 0.127246 0.125826
0 0.407347 0.688148 0.142395 0.164698
0 0.350097 0.356085 0.151967 0.139667
0 0.84329 0.558776 0.129366 0.129139
0 0.455908 0.515591 0.0895256 0.112513
0 0.811535 0.143347 0.133806 0.0997475
0 0.790072 0.737512 0.123619 0.148875
0 0.874566 0.801 0.126125 0.139681
0 0.95111 0.21347 0.0977802 0.108882
0 0.657907 0.298463 0.100289 0.0893579
0 0.536357 0.38714 0.0953085 0.0832275
0 0.120502 0.208592 0.109192 0.0939
0 0.591701 0.131362 0.0744507 0.078633
0 0.0504364 0.528725 0.09987 0.136317
0 0.460587 0.0411352 0.171697 0.0818985
