2 0.830615 0.5944 0.154744 0.17103
2 0.70592 0.770295 0.150154 0.175345
2 0.267249 0.792287 0.135631 0.175791
2 0.316258 0.450779 0.125647 0.143782
2 0.80105 0.431677 0.143432 0.153095
2 0.150945 0.593963 0.122606 0.163984
2 0.549524 0.613814 0.129932 0.147957
2 0.679966 0.592632 0.135177 0.166586
2 0.411367 0.804856 0.147317 0.178982
2 0.444919 0.11105 0.114742 0.1423
2 0.548161 0.773789 0.154306 0.154942
2 0.939157 0.451108 0.121418 0.155619
2 0.280821 0.614106 0.132594 0.136474
2 0.665798 0.436924 0.118527 0.125312
2 0.632154 0.109834 0.101864 0.123165
2 0.0857112 0.309912 0.135476 0.13188
2 0.541075 0.331008 0.119059 0.144924
2 0.853579 0.794017 0.137452 0.202884
2 0.220461 0.214979 0.110437 0.124077
2 0.543755 0.470444 0.125489 0.130249
2 0.138838 0.782226 0.121705 0.208111
2 0.061228 0.459365 0.122456 0.154146
2 0.417576 0.613816 0.138582 0.174459
2 0.952225 0.155287 0.0942654 0.271707
2 0.0455013 0.600625 0.0910027 0.150845
2 0.412167 0.952245 0.151987 0.0943616
2 0.939579 0.509384 0.120842 0.273955
2 0.780051 0.294643 0.098429 0.127025
2 0.543807 0.207762 0.108261 0.119167
2 0.111334 0.204575 0.0977794 0.131312
2 0.655588 0.30488 0.122034 0.13495
2 0.263397 0.952043 0.108066 0.0951438
2 0.330346 0.191964 0.0943989 0.0902428
2 0.725689 0.939504 0.153972 0.119416
2 0.427188 0.286122 0.104391 0.209226
2 0.869823 0.950507 0.11926 0.0976961
2 0.20501 0.348037 0.100269 0.141713
