4 0.386456 0.789836 0.0787778 0.0923229
4 0.301346 0.548618 0.0744879 0.0941268
4 0.463383 0.764827 0.0617086 0.0844859
4 0.35129 0.71359 0.061588 0.0765657
4 0.0385636 0.28762 0.0428532 0.0563723
4 0.674422 0.90957 0.106225 0.122817
4 0.358171 0.961631 0.0716505 0.0767377
4 0.634195 0.637729 0.0520395 0.0719386
4 0.538187 0.856555 0.0652085 0.0790288
4 0.539038 0.526045 0.0500658 0.066007
4 0.175833 0.52334 0.0584306 0.0706223
4 0.351369 0.363687 0.0404851 0.054084
4 0.194571 0.598943 0.052576 0.0625832
4 0.928488 0.399769 0.0504517 0.0570115
4 0.644924 0.458214 0.0423913 0.0614463
4 0.665934 0.404627 0.048167 0.055666
2 0.805338 0.558022 0.0475124 0.0649638
4 0.447112 0.389035 0.0370989 0.0473396
4 0.431066 0.632486 0.040862 0.0584737
4 0.413831 0.524203 0.0447414 0.0591595
2 0.975011 0.667713 0.0493307 0.0888664
4 0.436307 0.311614 0.0363804 0.0452779
4 0.490241 0.626284 0.0596565 0.0754575
4 0.851388 0.439689 0.0476288 0.0540577
4 0.787536 0.244075 0.0521257 0.0750886
4 0.261456 0.150258 0.0363602 0.053732
4 0.262642 0.846151 0.0750025 0.112379
4 0.249463 0.622532 0.0489438 0.0638727
4 0.433667 0.695137 0.0459138 0.0601603
4 0.533978 0.29068 0.0342496 0.0434373
4 0.97251 0.914868 0.0549793 0.0940463
