2 0.498924 0.428236 0.265527 0.400569
2 0.742096 0.462565 0.224448 0.354662
2 0.667691 0.798369 0.281062 0.35596
2 0.504297 0.101315 0.24354 0.196923
2 0.248713 0.575505 0.303186 0.381405
2 0.727089 0.143886 0.270805 0.287772
2 0.914389 0.198261 0.171222 0.396522
2 0.426614 0.817478 0.230453 0.344144
2 0.285826 0.198765 0.257496 0.354988
2 0.922339 0.516672 0.155322 0.275125
2 0.082332 0.22904 0.164664 0.445337
2 0.894859 0.836355 0.210281 0.309249
2 0.0743797 0.659931 0.148759 0.442449
2 0.242436 0.90227 0.217136 0.189196
2 0.0956081 0.922167 0.186045 0.150404
