2 0.3959313725490196 0.3457516339869281 0.10450980392156865 0.1241830065359477
2 0.179375 0.24705882352941178 0.07737745098039214 0.09934640522875818
2 0.08792892156862746 0.1973856209150327 0.08943627450980393 0.10980392156862745
2 0.12762254901960784 0.32418300653594767 0.09245098039215689 0.10980392156862745
2 0.11204656862745098 0.4359477124183006 0.09144607843137255 0.11111111111111108
2 0.3150367647058824 0.5320261437908497 0.07938725490196084 0.10196078431372556
2 0.333125 0.6653594771241831 0.08139705882352942 0.09673202614379087
2 0.42356617647058825 0.6640522875816994 0.07737745098039213 0.10718954248366011
2 0.502953431372549 0.5104575163398692 0.0793872549019607 0.10326797385620914
2 0.5114950980392158 0.34509803921568627 0.09044117647058833 0.11764705882352942
2 0.5949019607843138 0.3810457516339869 0.07637254901960773 0.11111111111111115
2 0.631078431372549 0.6313725490196078 0.054264705882352826 0.09411764705882347
2 0.6617279411764706 0.6869281045751634 0.04321078431372541 0.06143790849673209
2 0.3592524509803921 0.1849673202614379 0.083406862745098 0.12156862745098036
2 0.27182598039215683 0.12287581699346405 0.09747549019607842 0.13333333333333333
2 0.15776960784313732 0.08627450980392157 0.09647058823529397 0.06797385620915031
2 0.1643014705882353 0.8313725490196079 0.07335784313725491 0.11764705882352927
2 0.22308823529411764 0.8895424836601308 0.08240196078431375 0.10065359477124175
