3 0.12655110353320073 0.84640522875817 0.2318840579710145 0.24183006535947713
3 0.341763758643554 0.85359477124183 0.16822961068485365 0.2352941176470587
3 0.5327271005020365 0.8699346405228758 0.17429193899782136 0.24444444444444444
3 0.623662025196552 0.7300653594771243 0.1955100880932082 0.14771241830065363
3 0.9214739035710903 0.7359477124183006 0.10305958132045091 0.16470588235294115
3 0.7744624419816236 0.6150326797385621 0.16974519276309563 0.1581699346405228
3 0.8176565312115184 0.4588235294117648 0.08638817845978963 0.1176470588235295
3 0.4599791607464242 0.45555555555555555 0.11669982002462824 0.10588235294117646
3 0.5008998768589561 0.19607843137254904 0.15004262574595054 0.14640522875816994
3 0.3455527138391588 0.07254901960784313 0.12124656625935394 0.14248366013071895
3 0.2341574310883774 0.0980392156862745 0.13185564080704748 0.130718954248366
3 0.42284739982949704 0.09411764705882353 0.06971677559912848 0.12026143790849673
3 0.40162925073411004 0.24640522875816995 0.0757791039120962 0.10849673202614377
3 0.5941081746708345 0.35555555555555557 0.06971677559912863 0.08366013071895427
3 0.6736762337785356 0.5 0.08941934261627353 0.126797385620915
3 0.563038742066875 0.4816993464052288 0.09851283508572507 0.10326797385620914
3 0.9570900824097754 0.9300653594771242 0.06820119352088667 0.11895424836601308
