4 0.11305207646671064 0.7810885236140939 0.13249835201054716 0.32826886682118767
4 0.6255767963085037 0.5505029025878749 0.12129202373104803 0.2790949879856253
4 0.757415952537904 0.7471984179301252 0.13579433091628218 0.28706913049950034
4 0.7221489782465395 0.4149424798519999 0.11931443638760712 0.2418823229208752
4 0.31245880026367834 0.3544718991217811 0.09756097560975607 0.2485274416824378
4 0.12096242584047466 0.5591415569779064 0.11272247857613717 0.15815382652518772
4 0.2086354647330257 0.561135092606375 0.08108108108108109 0.20466965785612523
4 0.4601186552406065 0.5365481531885937 0.09756097560975611 0.25384353669168774
4 0.5141727092946605 0.7192889191315627 0.09492419248516817 0.22593403789312505
4 0.6334871456822677 0.9053522444553128 0.10019775873434406 0.1701150402960002
4 0.9449571522742255 0.4747485487060624 0.10744891232696105 0.19935356284687514
4 0.9001318391562296 0.20229867948199967 0.0758075148319051 0.21795989537925023
4 0.7762030323005934 0.18036978756884336 0.0032959789057349555 0.00398707125693754
4 0.7511535926170073 0.15910540753184335 0.05735003295978913 0.14486358900206267
4 0.5491100856954516 0.11325408807706207 0.08965062623599217 0.15150870776362518
4 0.46605141727092947 0.12056371871478082 0.06855636123928804 0.14486358900206267
4 0.38991430454845094 0.05677057860378075 0.04943968358602504 0.10499287643268762
4 0.17369808833223468 0.3730782316541561 0.08108108108108118 0.14486358900206237
4 0.21885299934080416 0.2215695238905309 0.04878048780487822 0.09170263890956258
4 0.07382992748846408 0.18967295383503088 0.059327620303230064 0.13157335147893762
4 0.041199736321687545 0.3358655665894061 0.06526038233355308 0.12625725646968763
4 0.3160843770599869 0.5684447232440938 0.08371786420566912 0.1608118740298127
4 0.8961766644693475 0.6468571246305314 0.1232696110744891 0.16612796903906252
4 0.5171390903098221 0.34915580411253105 0.0758075148319051 0.12094116146043767
