4 0.23507352941176463 0.645751633986928 0.17249999999999993 0.1830065359477125
4 0.538921568627451 0.7261437908496731 0.11950980392156857 0.15555555555555556
4 0.5406127450980391 0.2875816993464052 0.14544117647058827 0.09411764705882347
4 0.29031862745098036 0.3901960784313725 0.021421568627450968 0.01699346405228759
4 0.3512009803921569 0.42026143790849674 0.14318627450980392 0.09803921568627444
4 0.8004901960784312 0.4274509803921569 0.17588235294117638 0.1934640522875818
4 0.1561519607843137 0.27647058823529413 0.10710784313725491 0.09281045751633986
4 0.17870098039215684 0.4679738562091504 0.1409313725490196 0.13594771241830067
4 0.3636029411764706 0.2647058823529412 0.1274019607843137 0.12156862745098039
4 0.6804166666666666 0.056862745098039215 0.10936274509803916 0.08496732026143791
4 0.5287745098039216 0.12549019607843137 0.11499999999999994 0.08627450980392158
4 0.6663235294117646 0.13137254901960785 0.09696078431372541 0.07973856209150326
4 0.9447794117647058 0.28431372549019607 0.11044117647058826 0.1294117647058823
