2 0.309872 0.892883 0.0459105 0.06573
2 0.253559 0.871057 0.0460229 0.0657429
2 0.851174 0.762533 0.0435181 0.0733539
2 0.837182 0.457753 0.0787518 0.104479
2 0.619939 0.267476 0.042697 0.0632114
2 0.149935 0.950466 0.0495 0.0670209
2 0.399326 0.546502 0.0621808 0.0914499
2 0.506247 0.712378 0.0416552 0.0614481
2 0.480515 0.498308 0.0462401 0.0616186
2 0.188118 0.912549 0.0400303 0.0690285
2 0.833746 0.91841 0.0652739 0.0993919
2 0.0747874 0.484503 0.0477762 0.0708539
2 0.611694 0.510123 0.0603135 0.0727879
2 0.171528 0.244982 0.0539395 0.0749328
